4689932.3200     7514549.9970
4689935.4400     7514534.7370
4689940.7800     7514526.0970
4689944.0200     7514520.8070
4689958.0670     7514582.1780
4689968.5590     7514533.6380
4689972.2360     7514597.7980
4689972.5810     7514473.5080
4689972.9190     7514529.0780
4689984.0080     7514539.8890
4689984.9180     7514534.6590
4689993.7570     7514543.5690
4689998.1970     7514538.8690
4690002.1020     7514423.1190
4690002.5840     7514622.6300
4690005.4500     7514625.0000
4690008.4660     7514559.1900
4690010.4910     7514428.5000
4690012.2260     7514554.5800
4690028.9850     7514561.2100
4690030.8150     7514555.2500
4690030.8200     7514562.6100
4690033.0700     7514557.0700
4690042.6700     7514533.4600
4690051.6880     7514457.5410
4690054.2000     7514505.5800
4690073.9970     7514469.5420
4690089.6340     7514519.5030
4690099.9450     7514483.5030
4690100.1850     7514479.0030
